532872.8420596169,1.1212315560293413,0.9377010278388399,0.8698622368581571,4.0
5592395.704559644,14.139046240330076,0.5409790256358233,0.8329644684240815,4.0
806103.4641602433,1.012205304266323,0.8329728005249518,0.7812725554073728,4.0
2403913.9034055774,8.230586393695557,0.4565146029034803,0.8838188460234351,4.0
1200398.1624474805,2.9562649478178806,0.33926449098315464,0.8426219003947578,4.0
2855818.8444030015,68.78213332335801,0.2397833526423951,0.8901339657027206,4.0
566591.8264399074,18.599658402920895,0.017986573942955046,0.8891516081712498,4.0
1407995.3392690395,22.319960853219154,0.5574675566029947,0.8859939004252779,4.0
187099.24813332866,0.34540471700026726,0.4726388074928554,0.84420388250028,4.0
9999361.776675152,490.42619028603485,0.4469247788194523,0.8366634811709248,4.0
2722446.0762284417,16.953456333162205,0.8556451711578683,0.7724161908221379,4.0
3368542.7082045907,37.451543821233784,0.9553030811221221,0.786209652275943,4.0
1881199.5025695495,4.077753800674458,0.8577524751588428,0.7496533284985567,4.0
1285596.768487359,13.474189652312653,0.9982493382559423,0.8654195545320842,4.0
9092164.015796358,65.6512592651723,0.8806205991445486,0.7893280490650524,4.0
125619.33567548955,0.1622832313156051,0.4055355139084666,0.887333031052969,4.0
2230489.779699112,60.6784960775175,0.941479164349728,0.8778615259395934,4.0
2953288.3684211806,45.2577772715018,0.24570702313838103,0.8439562926299273,4.0
907091.7402554787,4.261245711071041,0.91386825143344,0.804337162249298,4.0
480726.26279587054,1.1223840017266824,0.9516319798354297,0.899200580252798,4.0
7949196.110158705,8.189455219652926,0.8386745490436933,0.8149120221915938,4.0
9725085.476531763,92.71006475358956,0.9920019874385979,0.7050236543636718,4.0
907688.933378686,2.057864900534888,0.5449694570837587,0.8525984336607727,4.0
7869451.425678245,417.3698351431765,0.08126484541973825,0.8941530323337269,4.0
2806532.537232043,8.15409890719832,0.7639782944909904,0.822620946522578,4.0
876240.1381145685,18.3856975417718,0.9752045397549394,0.8808231146006286,4.0
3739873.434758791,19.010349333396917,0.15243070427372618,0.8760004155852702,4.0
2464735.008174437,139.90779000552874,0.9434714010951256,0.8856971387922978,4.0
7804304.795866646,33.60967142653967,0.9232622674826594,0.8873977226634215,4.0
1864555.4628670046,14.96340710213006,0.15021406681800986,0.8443800198165609,4.0
2695097.245800083,122.04108447762368,0.9395384617816203,0.8971235233907707,4.0
2915630.8275433057,36.64978970419373,0.4750994303362417,0.8244397559422794,4.0
8517623.842404056,71.63166424084807,0.32904540674213617,0.8459728076767262,4.0
5242952.377065409,74.88831622176279,0.7260773584657568,0.8793675449081204,4.0
1278119.0767697103,3.035367755294808,0.6034156831116199,0.8996155527233806,4.0
2273197.476461112,4.093379070740241,0.8093447907847963,0.8487994816598664,4.0
5133756.815254811,10.61740588943125,0.853856262138967,0.7467970031030934,4.0
1294770.8349687343,45.69742398318621,0.33127500403733984,0.8935277937584182,4.0
4060372.8334192345,162.9336174609701,0.9078262899970744,0.8878594570200429,4.0
7372275.637104816,54.27932413953355,0.4941472116992704,0.8766385113821848,4.0
5924025.75021222,6.434538025143192,0.9103430340101446,0.7313737008735864,4.0
271112.1637570688,0.42031499241412834,0.8088323043020259,0.8976898645952754,4.0
9230709.158916887,648.8182046316084,0.0066079893811229395,0.871236501784997,4.0
228493.1158131659,0.24325160737449228,0.039734910602198026,0.8710504298427749,4.0
8501464.133867713,29.9019589960749,0.74011845416687,0.8300428176500213,4.0
3274153.121872001,69.29974849679785,0.9283538011520588,0.8795461951630373,4.0
9828145.594540348,21.91868278831979,0.9640127749530131,0.6969371251276238,4.0
1246703.3206875063,30.126033265229193,0.9146785755103227,0.8640672421889313,4.0
3481139.637622763,191.8823528606299,0.5575388696070674,0.8790711928003595,4.0
3100822.8556584585,85.78190159364557,0.7029391788500322,0.867499851134431,4.0
7129007.155890152,23.21573873960978,0.9736680861448775,0.8856116373891912,4.0
604435.6654673589,3.101328631978964,0.7840361720204146,0.8278925395220453,4.0
2556198.922167648,20.663550633291162,0.9017920028560503,0.8489099618924465,4.0
3715995.2738357135,11.768760545254077,0.2568787557597898,0.8821585793459884,4.0
523632.80883230694,4.386104683280956,0.10162183227301855,0.8747912373939014,4.0
1512995.954759382,5.3759252158130915,0.2550634195694839,0.8354388329671941,4.0
312590.60907238437,2.20812448994034,0.48809001403277574,0.8665456382593596,4.0
1488648.6143243632,9.561316657044609,0.25325519627185017,0.8743541450927973,4.0
8707965.252692807,780.4883890016202,0.9317778558434073,0.8853783267194989,4.0
5513577.946647878,75.81227338510168,0.41406870067465085,0.891978357683098,4.0
1981619.6971365395,78.33370948972885,0.5616901978806524,0.8687788630013127,4.0
8309509.854366041,61.28099820858374,0.9600211330658038,0.8970852461240383,4.0
1184266.8127422621,10.086979502392623,0.2687580150465584,0.8860801805694104,4.0
3411540.4329122743,15.212956509920193,0.6240710488685539,0.8160283734700988,4.0
5217516.174119029,42.41157699002326,0.8259459264586217,0.7872400220806844,4.0
1425444.0246809162,1.5306333715870997,0.18654032777206367,0.882207315050146,4.0
134898.9341100946,0.40633759316392354,0.05305732829135694,0.8791237239402451,4.0
732734.6729886278,0.7680217357431132,0.8711789264829758,0.8218074244168349,4.0
982324.9259137881,78.54488931295673,0.3945675955745878,0.8992037848319903,4.0
1927634.5021229165,5.061823055179609,0.8309891819061462,0.8279894541547499,4.0
156324.90958011337,0.17766980507860894,0.6305717549705575,0.8285016142284954,4.0
1630125.474027885,72.8552829940897,0.4116750483097036,0.8777842368823955,4.0
3509804.504892919,9.504944816136408,0.7131123977514725,0.8895129691551539,4.0
350098.0667135668,1.1026238056060385,0.025947179515654572,0.8710854816449238,4.0
2881177.141933746,2.9643165312982505,0.8060177340782807,0.7636807004438247,4.0
445142.37066434685,0.5834179362879232,0.975941907640961,0.7959098153428407,4.0
6936134.871799473,10.94425105929638,0.5656363798942136,0.7618114972313837,4.0
576044.4475312894,1.6217289480094823,0.9744387383987508,0.8465533608329463,4.0
5507320.849680703,15.421582459027835,0.408721681912436,0.8517845877574862,4.0
1841727.842102651,58.153679917927754,0.7930341772424605,0.8777143473095688,4.0
8076901.659310987,10.444053099348391,0.998602604694221,0.763511192066072,4.0
459812.9880837118,1.0734411971933209,0.29831746633120854,0.8863906155671705,4.0
6043058.663108453,21.124878281286342,0.017560793207085378,0.8535442598246852,4.0
1214427.437706639,3.001264304106819,0.3375122173755589,0.8155323851074437,4.0
2353639.8294528937,20.825781580942785,0.2260119865469369,0.8753829831833955,4.0
5544179.234633301,6.7617893455171005,0.3274320699485237,0.8864717622308794,4.0
9006225.41144522,31.237113802464656,0.1512585526114275,0.8443510737456432,4.0
3413226.948701366,7.185572944350466,0.8118600326772312,0.7874044343952595,4.0
1930621.695431597,6.73947966669008,0.6015189512229331,0.8547070488544904,4.0
9001896.015270129,658.5407866417587,0.9516643231923603,0.8400716311929904,4.0
3825973.5168715436,30.82963948405666,0.7955627251354771,0.851048621869712,4.0
6011525.269745937,16.21896571103672,0.11767785109087939,0.8409314572253686,4.0
7048359.839855093,25.993224464003013,0.1275111768164446,0.828779503292522,4.0
3614398.452501873,38.7669141234587,0.8048768488335257,0.8683326955274134,4.0
6570132.206124717,602.5148970063523,0.7415546987409322,0.8995218701296239,4.0
634311.3186241689,1.2749064050706662,0.6131369324914784,0.8232287503230757,4.0
9072311.104747321,45.27928143797768,0.39282891828549693,0.8674104959107078,4.0
626700.4247623181,1.324926471798861,0.4418711798752221,0.8767027655387474,4.0
1621237.131276375,17.888236013646768,0.6471135096528625,0.8378822333348952,4.0
288077.8614820881,0.35817772719728563,0.9875582122100471,0.83990502609955,4.0
6503564.676507455,46.95959845528925,0.3383646482315112,0.8257734750852216,4.0
7408588.368314713,25.330069892297345,0.0007849618787878429,0.8509425317394229,4.0
3249322.557909982,71.06402663649682,0.7607640853623092,0.8615688578385905,4.0
7119704.1328294445,9.296862386706923,0.20321800489717606,0.878387409039437,4.0
6649208.538843411,262.1136066301078,0.46091853982884023,0.8392035067739964,4.0
5403130.668275311,322.56509439125506,0.18675696185642504,0.8990988906584638,4.0
5523674.208012801,19.83721050473835,0.15500656561995263,0.8691983354012908,4.0
1212877.8261007601,1.5256492664045158,0.8712707144130236,0.7416050990039571,4.0
309494.5785972707,0.46973668608842983,0.9559649507489211,0.8874065928769992,4.0
2303806.6953053554,3.062822990345345,0.6699106524023517,0.8165928855161225,4.0
111565.42018724373,0.19777420207160046,0.6085997194600303,0.8866610642614712,4.0
4062712.564706202,9.116837314983304,0.8428271137083153,0.7334013678005854,4.0
391952.1476589044,0.7628883998770125,0.6031087658526513,0.8495295592617557,4.0
752154.5655487683,5.179826972232104,0.9579991802009543,0.8713781860655891,4.0
8598586.986940272,146.3395404667105,0.07237663348772562,0.8458866943784578,4.0
4762875.991684339,136.1333737566215,0.06731759388817704,0.8916493682908815,4.0
3624922.875297463,162.47961566961763,0.19523866740361828,0.8985944352120997,4.0
499286.04008989304,1.8900643666842807,0.10600906479852822,0.8809413670502382,4.0
564698.0879692696,2.3577348368321274,0.12411593636927327,0.8974060265029041,4.0
8637273.56167245,48.727207182510824,0.6404074353377399,0.8616069806732596,4.0
2055538.1365071079,24.390074565344875,0.4000300835940017,0.8880063150778256,4.0
414661.0101433696,0.5700349155736117,0.5227956409586767,0.8342878681367332,4.0
5256619.593801761,12.574950704114915,0.8329030096437934,0.7752756048812457,4.0
8329434.948627485,122.25662427558315,0.805609075267878,0.7908686431257805,4.0
6227560.872016482,11.57387388236244,0.6569207288118459,0.846196607676809,4.0
3060539.8643908147,3.1428315010693137,0.9145177287251958,0.8965101742510686,4.0
2134426.3755828855,2.525529997667638,0.334299816012613,0.8055470711621029,4.0
9953950.75456208,801.7249479658497,0.451458386126811,0.8633598906077569,4.0
4850230.264986263,28.564570598011013,0.7938751046646557,0.8296873994445634,4.0
107038.74012956132,0.21821119543254822,0.7331509054317322,0.8726333594996939,4.0
849223.4051197518,5.52718118290769,0.393257151421278,0.8658665358636006,4.0
957896.4556389865,1.721371698940508,0.9402492765844523,0.7607516230592952,4.0
6912511.431226053,586.4081657957561,0.82808949939183,0.8607499936318028,4.0
1200336.0600761771,11.967965921124005,0.8776079347166799,0.8402432819442929,4.0
4906340.914268513,62.22146955278541,0.8113767948920355,0.795679798945233,4.0
130203.99337041016,0.20041676453488466,0.12565962832108407,0.8735169585575216,4.0
139980.76463355086,0.3991193195803,0.7838277579420684,0.8839542148604155,4.0
140532.69265976513,0.47128016324315497,0.9767621557192786,0.88492682784276,4.0
7282341.123090795,11.260817614608818,0.7957117812529176,0.8882618131031625,4.0
2676791.3620971283,3.3765632504659666,0.8148589044934201,0.7363695734349281,4.0
8967158.456604568,321.1986742345699,0.5440152689952193,0.8916583583076697,4.0
9518924.154876795,34.04296239684412,0.7649359037459861,0.795452708405482,4.0
6142392.57755943,31.135492452091764,0.9355290364572135,0.8537731781346198,4.0
442230.5183184472,2.9044818835874335,0.02735260292022336,0.8717246644233279,4.0
3661662.911520895,174.01013996314953,0.4519627681168256,0.8841526374093774,4.0
4605132.38850554,92.44585541206102,0.9697285584500238,0.8223138634045615,4.0
357161.8169740479,0.5163865169492535,0.6720746168535938,0.8663825462976272,4.0
678801.7123370775,3.108193408321126,0.8083768116764526,0.8997353528321802,4.0
7874000.684275493,13.580091202381306,0.7520476574784272,0.7413897750251236,4.0
7721595.9118625885,46.984135194435765,0.38477987982090067,0.8581533116409201,4.0
3825901.651984549,6.987064965671585,0.7561069586049173,0.8095753026553011,4.0
3681517.7168690027,8.417509573978682,0.4044595037618125,0.8440316633704142,4.0
6635790.507612409,8.692927243227915,0.0822454017415831,0.8278907377004486,4.0
1193205.3252358804,5.682140653484958,0.8378096747360181,0.8946269188053416,4.0
4640214.3767433,11.87978784516437,0.913329274044056,0.7395627046389467,4.0
3116179.9217877705,32.66143124886377,0.48996987104664136,0.8602903779371808,4.0
9962477.438853554,18.700899889866164,0.7637480746086942,0.7812678108549289,4.0
189638.675521932,0.4430193655494725,0.7848814301089938,0.8877151578086951,4.0
134139.9347889772,0.1544025581182879,0.05001600917680703,0.8550433161266141,4.0
7612058.993729599,63.29457319576527,0.40229831033229513,0.8434278885502176,4.0
375366.1838200271,0.5844673754694429,0.505439396609398,0.8799163529658249,4.0
157008.49867960557,0.382239278980754,0.6683351882728893,0.8791136565399745,4.0
4802793.913471023,185.0731901247257,0.4635811525406542,0.8985581366490497,4.0
4108830.182188364,4.348977427958063,0.5568206497527007,0.7840670920790827,4.0
3447496.9449911676,140.49149496840622,0.7915643682130005,0.8523541287006405,4.0
3788833.0696483925,7.190242831188762,0.898871559651458,0.7755170674524551,4.0
1498167.8070938163,6.105981993479667,0.6323282216495637,0.8702451624739139,4.0
561521.1930059487,0.8447408432394339,0.883456578115505,0.8034333248515226,4.0
1076504.9008202704,1.4963154369266503,0.7302124660183714,0.793677554693619,4.0
207341.0232881214,0.3818885831591976,0.6831837231044289,0.838595216170268,4.0
5357704.828313945,87.80841800195775,0.6726180667325059,0.8462842051404122,4.0
3925681.557557346,4.793870727830166,0.010282539596983843,0.8324931875755165,4.0
1152738.651861571,1.684112462231532,0.6714698697598723,0.8104208117746565,4.0
3169017.2533423994,5.39914573056069,0.3850933134383015,0.8725309807837379,4.0
1601455.0791401793,2.638253608688308,0.8224438561632326,0.7549298517707428,4.0
3201548.899157086,4.2186127444610255,0.8815705426466699,0.7507914968163055,4.0
1467025.6522501835,19.340161127378064,0.9137064069165671,0.8799545440252443,4.0
8528952.771298409,308.76990973106496,0.014433290596198967,0.8706084292016693,4.0
704338.0150736204,1.0929572667397383,0.2784193850171157,0.8932388314066076,4.0
675640.6404614145,1.082991514863163,0.5173935722952747,0.8950423265579607,4.0
8790240.90906043,227.65564054164892,0.369126187560576,0.8517106672731466,4.0
2180396.8761283206,7.155893667410145,0.5480111090985256,0.8196569270678202,4.0
4508436.039481073,252.79663653667038,0.5773366829920064,0.8543644833634301,4.0
4768170.155321407,33.054763179086045,0.25403068506753873,0.8474593887016821,4.0
1436177.0775602406,3.2895731970053363,0.8845324023242471,0.7948292983858487,4.0
5267143.741594127,26.877181254221675,0.35228415366830373,0.8227900059132538,4.0
2858353.143330439,4.24202715048078,0.31622759113922083,0.8581311566830188,4.0
251892.33706890288,0.5872631719058085,0.550613197953623,0.8721370338254246,4.0
4314706.701684125,52.38852965514784,0.2001301958604566,0.8957083365335178,4.0
2229235.789181157,8.434390555987571,0.9115956206484778,0.781815798401098,4.0
5999017.478297285,112.77006695233177,0.5539403087160052,0.8423389189324795,4.0
2147421.1483584545,40.77709049562214,0.9278677054737827,0.877387063963556,4.0
3794205.970198968,37.348938618128784,0.683186662590778,0.8359645280420391,4.0
4392361.001596926,98.11892411227971,0.7139513766596379,0.8382306408543346,4.0
1540603.519870033,44.116940549791636,0.3207268096161733,0.8737143233715721,4.0
1210922.7346276445,2.0141298300779944,0.41959656550926916,0.832332104830596,4.0
9865834.451196617,11.300434219861788,0.18973543736838028,0.8612353110544793,4.0
462347.81346908567,2.3418997917483906,0.14444729778389528,0.8982332778898569,4.0
1479606.1264389518,2.011141735312085,0.35920396454774234,0.8737928992579291,4.0
5923582.900740572,16.10200211158961,0.665971920490294,0.8624119794497236,4.0
6654054.227289678,9.26128017047181,0.7749431414711049,0.8734566811106744,4.0
8864935.123921532,12.487410667208142,0.6133227328574504,0.8618655845293551,4.0
7996770.4683274655,686.2134481782955,0.24276563264139583,0.8876350958472236,4.0
2255035.122377336,2.5591692370491117,0.05395760431117325,0.8508894038129079,4.0
660333.1806049695,0.9875568153210914,0.043291138739185185,0.8932734269776281,4.0
380374.67736812995,5.221128135441254,0.2655987549095939,0.8866181732159047,4.0
9011449.241646321,181.56431333803692,0.7997983436635767,0.8443909429980592,4.0
732207.734856045,1.2699205433494247,0.6099073026556586,0.8579940981155857,4.0
420249.50347927207,2.005861548625247,0.7520116291643817,0.8726678336462904,4.0
649350.084211815,5.455591995182862,0.929364900762961,0.8843619648497212,4.0
5728769.060156886,15.585978325678322,0.8570286810424378,0.8535803757937155,4.0
3834461.126447728,13.255268580212837,0.41537031736014196,0.8782355686681856,4.0
1109751.424051893,2.39037546820838,0.47198155869837194,0.8762517300676916,4.0
1883257.1093562,4.51258473647186,0.948489118363441,0.8084072582833303,4.0
419124.0023971353,5.4503258196764355,0.8397483611270864,0.8954550847883161,4.0
118890.13623380507,0.3387843524215025,0.8466137609871429,0.8941161577234693,4.0
3204078.712281849,38.63328128280171,0.7080685560817556,0.8840722270086151,4.0
5430938.363042822,126.5923099128472,0.05319559509932563,0.8545873283447678,4.0
2042074.8538473586,3.0263426959655395,0.9610685650285565,0.8681889426599461,4.0
3035149.692303984,13.729032595802527,0.9177510831876198,0.8027554180491245,4.0
2023540.4607737847,30.40978351315139,0.532445376471725,0.8361189617680524,4.0
827158.0967589648,0.8906508619160155,0.2996578964661455,0.8772968585017374,4.0
5949414.638270101,10.11478154232758,0.7514003773763713,0.7371362656831242,4.0
900394.7198093436,4.233898242142568,0.8796350612918783,0.8603777536514247,4.0
1482658.2600057363,5.5940023247536,0.848111589494153,0.8847404454255138,4.0
639140.09233642,4.697950335948693,0.24514980308922948,0.8835358143533543,4.0
362823.4558249646,3.4569902378686326,0.8065548862576256,0.8999926425023829,4.0
596296.8581928038,4.546093723547732,0.002553071092424634,0.8995878747822678,4.0
4539292.109935935,83.72861227322359,0.9670868361370436,0.8999592573674517,4.0
635631.4022597224,2.2792451275867243,0.06953022703456242,0.8664598062104931,4.0
827119.2670435609,2.3298101265596824,0.7246200531643833,0.8439942953381088,4.0
401855.6450043748,3.983415815121136,0.49791735429099737,0.875750181711013,4.0
281586.03566548496,0.6864552968782809,0.6141885287338493,0.8764751617196463,4.0
9746740.759027252,217.18397583092377,0.6153381645038778,0.8518669544106289,4.0
2637197.7146116016,118.82506906071522,0.9947739109035152,0.8859195978642131,4.0
462277.8662704865,1.5665145014125446,0.833604378620283,0.841738123952695,4.0
5503999.86039292,71.74387866918161,0.8158980315872094,0.8292279636370282,4.0
1981993.4398666534,4.95501270099442,0.7487474791127885,0.897193981194099,4.0
8372114.316076241,20.509527156282786,0.9453302783580743,0.6906586821797748,4.0
9839090.175043905,183.50505830672657,0.8997426404863926,0.7935445854918806,4.0
8941880.828602372,12.303489613046787,0.5661819029426606,0.7602422311033341,4.0
2120836.818951455,5.337071640325645,0.8143525786583955,0.7754147621319359,4.0
6516467.56260233,112.74203600216903,0.5278678523355878,0.8330625291309963,4.0
2221326.5407822113,75.81008272621239,0.8326661854395141,0.893412316650277,4.0
4383319.427393034,12.442881972364898,0.5467685759066225,0.8614604468328044,4.0
1468923.0516219274,27.298622761118562,0.006821360325251666,0.8908642643767073,4.0
4296393.251830469,8.862285722657825,0.7282918047742095,0.7791241280508191,4.0
2230606.4535746835,2.97827097207765,0.7864461018978426,0.8647703821235941,4.0
1325188.8195702862,29.739327338916947,0.9755288319256473,0.8623409789714112,4.0
6822200.73623075,135.19857163297476,0.8962813937371414,0.7945172060025835,4.0
3284737.904676982,30.895399741473238,0.4775266795553415,0.8551151998872356,4.0
402246.45874096133,3.3796164778740576,0.0825745179542414,0.8763776515438506,4.0
4036098.2540080366,7.389824903050513,0.7482464715785706,0.7574963303896314,4.0
1131318.0485330066,1.839222983299007,0.7853591832672135,0.8046232060402384,4.0
234374.96178966996,0.48167958883245005,0.009126023274825923,0.8708917168461439,4.0
1848626.3077244244,4.947043530467822,0.7139816446352877,0.836874767787716,4.0
1247320.3009297242,10.06373301356369,0.40396555239957527,0.8423679577352158,4.0
1145859.4237630263,2.9609324226109344,0.9973359409979419,0.8290717450973211,4.0
551416.0292758279,0.7015564900422423,0.804651257018612,0.7877407062018792,4.0
703515.0367027489,12.57335998180242,0.8792896398229024,0.879255255074486,4.0
1148064.7838341885,1.3717481252562225,0.19191249375576708,0.828909142320748,4.0
2131371.807752883,15.463613361467763,0.7382475028451416,0.8672694902905879,4.0
5309061.921460655,18.33325651875263,0.0036742422694864886,0.8452542676375309,4.0
5645608.313126158,20.921482406099475,0.5191308323721702,0.7844750999270819,4.0
131260.6883970745,0.22707042115747095,0.4154974737932536,0.878325917369405,4.0
1652946.4483357102,5.9130974291317635,0.7695593071668978,0.884823143307099,4.0
9523788.947235428,467.3355670683088,0.6573880700542619,0.8963024795532063,4.0
717203.1188985752,9.54671781019923,0.5673610345844421,0.8618504781442494,4.0
5994140.815120316,11.04885709418964,0.2988888991974069,0.8824224003399598,4.0
3856062.3526392267,52.41767657831988,0.1625230573757095,0.8624691188745794,4.0
9104364.015193079,11.9700441842998,0.9548540932399321,0.8295656986171918,4.0
9718884.365535665,19.8504133428698,0.5344408608662929,0.8301511944811039,4.0
273989.9544254455,0.40661726410415605,0.47029086580622337,0.882359385008603,4.0
423708.3466784595,2.4678611693717647,0.825704353504425,0.896593490582748,4.0
5705621.650448324,395.2739570819933,0.8151229440907363,0.8917065267026132,4.0
9965972.947137617,442.5338646214083,0.7841390869921798,0.8997863854912012,4.0
245253.405488712,0.886508482499218,0.6182275364153349,0.8904178361924417,4.0
3920561.656096141,11.089766938814934,0.7354320115829098,0.8391704804279366,4.0
1304780.8760157072,9.308178402807012,0.37079317660531447,0.8812231613921023,4.0
1602833.1196067377,5.515781712037991,0.9410185117991918,0.8919426315237641,4.0
363919.1102352623,1.294419109494204,0.9504836692608589,0.8992195867633408,4.0
462640.6903687721,3.9961811698638146,0.14416524198339603,0.8645954486458193,4.0
2569966.4828939764,17.116684578004577,0.6868716248891817,0.8858079924360294,4.0
396133.5305198371,0.5987002279906816,0.9593611629740205,0.8516853715111905,4.0
4128194.738722599,4.205178294677939,0.9553779251006114,0.7799568935789845,4.0
7377360.778330159,20.35912524213438,0.012582399660940175,0.855246487211438,4.0
2274687.0896620816,11.156234618395418,0.5187838337368582,0.8755860429418811,4.0
7614103.552968851,67.49135491518386,0.5735519837660137,0.8561625161600865,4.0
7903135.979362369,47.01912681725266,0.17065699602149367,0.859300980380187,4.0
5858629.154410665,12.030551440012959,0.34692470998340763,0.8089156100776698,4.0
2565156.878307658,3.6014641646538457,0.47334392825832283,0.7846512704952322,4.0
690363.8179768863,2.5832238784876895,0.8967795108121817,0.8326977251658771,4.0
810541.619088277,1.3478171864465056,0.9133370862172497,0.8790541269163802,4.0
1207545.1141144868,1.3567306368126268,0.9750141170759705,0.7266087223340446,4.0
1040110.0405829938,2.050597036466488,0.5807987508669893,0.8522452396399669,4.0
806787.9547144115,3.7716532282170516,0.6686678666852852,0.8794017748663312,4.0
401449.1953108481,0.4098731952211324,0.7221953136266854,0.8832703585876049,4.0
3273464.8170709778,14.143677855204775,0.08656224994589706,0.8465685529107647,4.0
370446.1461968579,0.7838341116943963,0.5525619944620367,0.8415512671583684,4.0
348347.4495222754,1.438569216637738,0.7584172179173001,0.8646577303978792,4.0
4202706.9658911545,82.7934440742348,0.9255105711282802,0.8328119391328437,4.0
7722071.814861194,34.99288772033762,0.1585878552686922,0.8837342475606333,4.0
6958072.2170058815,29.83734087279827,0.9162146318754368,0.7376426604899203,4.0
1274955.502231316,6.209085127842099,0.5175255419446015,0.8858307970276914,4.0
5030771.347019991,16.363763726866583,0.6220741293711145,0.8494577459654528,4.0
2092236.9196090098,4.9535301889632475,0.5630673231466606,0.7977845313615987,4.0
241970.76816246443,3.015629217287655,0.13087725125540142,0.8939141436696747,4.0
1609146.9207066305,1.9854661593559504,0.960829722099485,0.8244543172664943,4.0
7576227.576174319,306.395758704995,0.8306263011893859,0.8445306176706634,4.0
2632471.9551129784,4.402945530526035,0.4286614916462702,0.8254638507062054,4.0
147540.04840359316,1.1468885621335008,0.2649682749467396,0.8908310172971772,4.0
5577975.426021521,50.252656904119526,0.8467246735029655,0.8446308121895437,4.0
2364363.597669234,15.797080054985516,0.9249141430181298,0.895082970884014,4.0
928722.1005694087,1.0556667757522027,0.6220741483030592,0.8360114705385199,4.0
1648288.0879749882,16.713323341995444,0.4436807040612175,0.8900888529565197,4.0
6694439.778984475,218.3274323811759,0.8826481797534802,0.8548125697872042,4.0
7434017.698830794,569.7197407414579,0.9897563299250537,0.8816379098024512,4.0
3531271.955303076,16.68112782327809,0.7626163848954107,0.8689494021832527,4.0
6154657.138810521,442.7958315365699,0.9711445286785182,0.8427510480227077,4.0
8731238.551042888,10.558574317694463,0.3547199228763632,0.825741858615244,4.0
150952.14967443576,0.21008499695655017,0.041238878193299904,0.8970911116363293,4.0
1659964.6299518307,1.8249619986983567,0.5020015742480507,0.833939617127078,4.0
4044185.8955942886,20.342110427151415,0.030930922780887056,0.8471726435854778,4.0
9473001.035092799,126.63996187634812,0.6273523304566584,0.8014969176843001,4.0
1155009.92117825,2.187404222317424,0.8071861306125107,0.8237374447596629,4.0
8476977.965934752,10.406039536304075,0.8364005571371923,0.858360229560997,4.0
260748.81750670806,0.44163745784320263,0.980129024999697,0.8773760565740305,4.0
200173.27930882064,0.7033108098074318,0.07963915305359255,0.8665500626728682,4.0
7919185.658115521,112.63458987323179,0.00960611771562045,0.8398260493558136,4.0
389139.57624792604,1.7748706673941577,0.7508975521816242,0.8613017713825739,4.0
413940.2635093069,1.7984146934814056,0.25269093386691943,0.8930911868360956,4.0
6209962.030624916,110.17297395051273,0.37115006891010105,0.8944464500472492,4.0
8138183.636123974,119.47028460526063,0.5850044922349377,0.8378584082015748,4.0
1105665.913623098,2.281436274849259,0.38497914163295527,0.8632907485594352,4.0
191668.59389069438,1.0600770062492169,0.09718512364100103,0.8894676727611613,4.0
6592976.05530716,17.07446482171844,0.10318396195511466,0.8382836657301457,4.0
2545348.0784066506,58.331595331960735,0.095583625340339,0.8569153111172261,4.0
9624568.111282766,253.30890853789006,0.9513842145096846,0.8776473192002576,4.0
1048687.4339632688,3.4383258824997243,0.11746955839632314,0.8973198450480002,4.0
459700.4497764808,2.221570057329862,0.3923154299905307,0.8932402624540654,4.0
3023870.2039421266,5.397186125495536,0.9614298938045124,0.8918644103446256,4.0
8481881.037415417,18.930646114635227,0.8307373289951218,0.889461213880302,4.0
2772204.439979949,4.995461775037287,0.13846794648840055,0.8297943471296325,4.0
903988.7895864048,0.9587249528353757,0.9936003655440275,0.8527069225978037,4.0
2986496.4710822166,3.80061568145382,0.3325040950884724,0.8042326091620242,4.0
7009815.410010199,105.33028839271807,0.1797020374489734,0.8515015767609669,4.0
5885013.688096023,7.445749128420077,0.9886670915547437,0.6898713847802738,4.0
1509965.806725854,1.5970051469275617,0.9614046770200594,0.8658510110908955,4.0
6978057.20991812,24.354871279399305,0.9819825171671549,0.7542827408641889,4.0
2896522.593470693,34.991620794761786,0.8360870196709309,0.8446909880379092,4.0
3125688.7259966936,3.512212664181672,0.12896899779363274,0.8311703775975613,4.0
1140896.3894707349,3.815621926497026,0.7394628887370777,0.8128648937598423,4.0
793471.3817490961,1.6986717388952508,0.672619246729727,0.8621513443260146,4.0
6840234.907182849,11.235978267673854,0.37819622696162436,0.8876638079960021,4.0
2653645.064221325,5.596745874152642,0.8291506596474348,0.7463793796589941,4.0
7222880.806251756,40.88815214323213,0.2193255322595378,0.8205128853797802,4.0
2265070.1837778236,4.0903402081753155,0.8518997462665225,0.7759549535723149,4.0
910611.3138859983,5.796262637888951,0.04880793777411129,0.8690390902990889,4.0
4256485.157249467,7.03033426979058,0.20569067395481194,0.8946440898892489,4.0
5650579.251536,244.56783042431547,0.6589356548357755,0.8412195982292265,4.0
659938.6406233679,0.8168515390583205,0.1892122099926436,0.8715691231881743,4.0
1790317.6249633944,2.351278863834413,0.6532266285478885,0.7900954210081033,4.0
148092.06756249888,0.1522566385822671,0.5987596591478163,0.8798529928464576,4.0
9186691.312842622,233.83984801013173,0.5971283627226317,0.8523064187705695,4.0
5426916.903734414,252.8035604511009,0.5318713435089597,0.8410783133339528,4.0
2755729.420684001,3.7675918498461525,0.2392016950577095,0.8585228845667895,4.0
5136863.218279907,144.08268204791312,0.9054207690776124,0.8437528856891696,4.0
1058504.984868912,1.071936528691539,0.6390241036741819,0.8182710008446175,4.0
5508990.728364269,6.39757073384884,0.17932961344920498,0.8274564873181015,4.0
9058475.45027034,772.9819399860064,0.4508879666831933,0.8918865674032267,4.0
1105319.0662463622,3.5018955204814683,0.5206590873828798,0.8588917623140746,4.0
6743608.517129208,61.956642001925324,0.42291780934710654,0.8760285553076096,4.0
218838.6287845391,0.4803914017591394,0.39074558960826633,0.8714014439244695,4.0
9255788.216785498,145.73941583362557,0.4955703065490276,0.8903037784067704,4.0
302179.58295373886,3.4203665907803806,0.10035160703629097,0.886933254332799,4.0
5046563.503878974,22.535718540945666,0.6498236273542247,0.8902471393572907,4.0
5442081.9622482695,6.012374593903518,0.7872034383853787,0.8142004079779779,4.0
707439.6146419354,0.7330548420912721,0.4359270410248942,0.8621047906714993,4.0
8111109.528789658,94.4158602999492,0.27415102357357574,0.8462216182074109,4.0
121270.06749678486,0.1790862208646517,0.08053560360951552,0.8863043803026343,4.0
2485372.5111546093,195.96359671422005,0.874387122561554,0.8988293249596846,4.0
798941.7385145829,17.899241210072756,0.9070596437149189,0.8904228831542198,4.0
1752138.8321119074,23.92073159495902,0.6097448485150556,0.8993745889346167,4.0
7007177.367306836,38.846738956935845,0.292735847469603,0.8649026982887735,4.0
447867.71175378066,0.9975298806512892,0.9729977854651621,0.836415260938845,4.0
4925700.916532657,35.477990928389474,0.7068726883239099,0.797539420429145,4.0
2942268.0756145767,5.299260348479793,0.7342296213504222,0.7502114642088034,4.0
535879.5658008783,4.692311498775306,0.7928251072620179,0.8749438549170138,4.0
5163651.640415944,11.633685382024577,0.12066943376488397,0.8458372757343563,4.0
4756669.831273244,90.89440581858118,0.2889224920923828,0.8975699282878394,4.0
9879827.237756962,500.7856669786428,0.8705043062035945,0.8217612106691004,4.0
7661720.216032855,207.41844657314982,0.8536084125674109,0.8435518606128466,4.0
3961224.875185517,28.876911564567465,0.2866934684207023,0.8235387570911255,4.0
2604303.321923916,11.482832696746167,0.9414562374397996,0.8576256589178081,4.0
1013842.365068335,53.58054084931352,0.04576968204276581,0.8897498190261923,4.0
1170631.6694254477,91.80286397650805,0.3009235339901251,0.8920713401510938,4.0
824790.8687812336,4.328188686663886,0.5976411753345877,0.869467634862662,4.0
7795302.93761664,70.43288481930966,0.6316641124210745,0.873185546649828,4.0
222710.633547524,0.5851329438241402,0.1492795306544364,0.8856102381329238,4.0
8473641.629635144,154.67603416058415,0.6129703011495862,0.8962624545844168,4.0
6618852.72397671,120.30263791578155,0.48496184752571897,0.8624549572335186,4.0
5051404.099868435,55.593191289874284,0.9271644597795712,0.7612321939730561,4.0
4728310.389866353,389.31822899364147,0.333819393003464,0.8960178563339359,4.0
4218605.217764234,58.7373518224226,0.6375695787197965,0.8848564178334942,4.0
3190662.9386876565,55.35415554903227,0.07655665091975325,0.8802094604812953,4.0
3759698.319661703,153.00143213883925,0.7822745790162638,0.8768697552418291,4.0
1842191.439598569,1.9400008139903449,0.6041673885939054,0.7946370466402836,4.0
5587889.375322213,9.810673622001046,0.7412113159156443,0.7902654048373279,4.0
1394703.092195806,5.065372466446613,0.8327385864297155,0.8284544090706816,4.0
4688143.284830387,100.86011974351979,0.6047339075561464,0.8539097400259604,4.0
5438147.965586111,19.34891186726687,0.3936186572451646,0.8573705039601606,4.0
3811768.5024617794,19.87153764340406,0.5471619026342439,0.8166743975452748,4.0
1869401.5141959547,66.56448376105615,0.8833743902399168,0.8957235158006693,4.0
6566613.743064777,38.79586494300238,0.02636190586743911,0.8852614383966638,4.0
226991.51629706667,0.23331566254397085,0.2200630281692994,0.8877771524026842,4.0
830813.9646052262,26.967042804016227,0.07395107418552258,0.8827676002084245,4.0
2208192.9568813527,26.78530734416851,0.5206417023951518,0.8984053082038888,4.0
4148442.2053971565,6.225424970558941,0.8291559063380565,0.8114766921296989,4.0
2340554.367869707,3.0350628990223116,0.45556458114907467,0.8133520840937349,4.0
1589055.2152795033,14.254758914205096,0.31138615283523835,0.8803966739273218,4.0
6779657.104933385,102.62448005370172,0.8938731480816043,0.812717821997452,4.0
1956759.8940680798,10.629020219207138,0.7037783796537637,0.8954667068276523,4.0
794752.6593572452,9.728110599412787,0.7777419490952072,0.8755931895832786,4.0
1399401.6761603558,29.934998674167037,0.6029472255271522,0.8918221457533216,4.0
211984.52853337038,0.5331604375143608,0.7576536865810244,0.8910270547202965,4.0
339702.593311019,1.8382958754249221,0.5372105033751564,0.8592732456653434,4.0
256998.3301745339,1.1917436520050606,0.334420799781951,0.8665402557014658,4.0
3997966.498749791,106.35862431579102,0.7955798609107514,0.8932092491708944,4.0
7985343.318136075,101.98259539561074,0.5056868860137695,0.8847267396507936,4.0
848686.6531762343,6.226680988056774,0.8789013978652215,0.8957115493388872,4.0
7723222.577838591,76.11558713790558,0.36540987015896775,0.8394209033902819,4.0
5140751.561632826,210.55109768145135,0.3202995313582927,0.854102399751554,4.0
2892209.5400760565,44.84658769521275,0.7440079790549354,0.8549796627336944,4.0
979762.1134934064,5.8573838074984605,0.8173172079368426,0.8604550185208696,4.0
5196807.563731978,5.962073857453471,0.3824455504691355,0.7865780045909427,4.0
351072.86778904713,0.41783950014152266,0.9639895749232754,0.878918274654851,4.0
8217680.514059536,59.70516602618763,0.897100938813815,0.8749026128686419,4.0
7009145.107645646,353.5078644405313,0.2728001975273138,0.8915917521465753,4.0
3414854.587829141,20.25872064409521,0.8742487790738652,0.8245324248701651,4.0
1479322.6900196627,1.7009137466136905,0.3862710277588453,0.8331651302839075,4.0
461602.63147449674,0.7676865407901422,0.30895535374434474,0.8433502669084819,4.0
2225957.977366411,18.107740243479068,0.19908087569774588,0.8623718905910213,4.0
1824935.0630964206,10.600131608934364,0.5438413489808291,0.8608160970308115,4.0
3491331.531595684,80.44576372513971,0.2989100807122528,0.8642638924946496,4.0
3139434.5686506517,5.1414004088696705,0.8383350551856085,0.8326288463351121,4.0
100248.37855965858,0.16203482868075186,0.28306041027703466,0.8906931457114651,4.0
3637098.3820411544,66.66465064540938,0.328631190933849,0.8859871296155605,4.0
2646990.6245768806,12.53963569877674,0.6221095134443466,0.8369254297937179,4.0
3297136.0978377378,12.429829019820959,0.7228020261442366,0.8821958061936044,4.0
9474150.485012358,30.39481952992045,0.4714868226778374,0.878749303249404,4.0
2851381.7120029237,5.528187102026599,0.6311211093574068,0.8002408086064733,4.0
1142056.9116740644,3.993548459732408,0.7426444768916363,0.802240432431051,4.0
4327225.382424875,46.8622249020985,0.8068445980096057,0.7897628851131158,4.0
8787312.732981252,22.441922541111374,0.971246980591778,0.7762481388815836,4.0
552945.629942034,0.5794659905281673,0.31476598346261475,0.8217527609496715,4.0
2459285.357056379,3.0112802671168253,0.6916734008707837,0.8350279431562175,4.0
602831.4188352169,1.0323362948632528,0.8603275957996985,0.8742261053321457,4.0
2958842.1763694193,41.42200060083546,0.9517215073730001,0.8378498070160468,4.0
1954111.009762964,9.88736391589111,0.21973935793051774,0.8869504230728877,4.0
667631.2267396608,2.2865481111890005,0.8426285269299858,0.8231863079866458,4.0
7855956.725969089,33.115227207393986,0.37221016079281166,0.7956281416245453,4.0
5816421.282120428,31.062790587892454,0.3026798989361309,0.8790653174316982,4.0
615670.4479268441,1.5247060268866721,0.6758979237945805,0.8462403212548095,4.0
3410109.460770057,38.36784478805375,0.3975943500744232,0.8836478638191101,4.0
5396339.08940484,116.73148125251308,0.6136123838038855,0.8596776634868901,4.0
6337480.752362577,15.154480753946258,0.744789503224968,0.8766050137133251,4.0
8252063.765097528,31.87096582802516,0.6608972994404236,0.8010839103508276,4.0
2387679.768101054,6.594808463176625,0.7705900736523617,0.8611308719077986,4.0
1988666.1294537093,16.523058357407084,0.464977157090192,0.8634442704124299,4.0
829908.8207318701,1.1500081903932284,0.5152700805042578,0.8843069484987585,4.0
7851759.966094915,646.917078887539,0.5449931342635168,0.8486348851884349,4.0
9566695.03972363,28.052919542913866,0.8854487807635711,0.8222248578895056,4.0
1799044.0699807606,21.8291350129807,0.758224390749708,0.8949648168060564,4.0
2630475.5681554875,3.2386044234244027,0.5046601645274238,0.8171758368163741,4.0
831502.56446995,8.64365768315893,0.8187590454105562,0.8676289220152388,4.0
5242804.519561064,13.71384174056188,0.8533399094697572,0.7191332067017318,4.0
6244670.649048859,15.070423877915559,0.3003405655670434,0.8097128733728289,4.0
438847.50211754127,3.0789501114888496,0.06257755533453699,0.8852537889420504,4.0
2039350.69173211,23.40087802446112,0.5587635013314678,0.8961672325946545,4.0
3586463.0830357485,3.8462458993981223,0.7925698029185371,0.7454701615677765,4.0
2731634.9133605054,2.785806629633644,0.3806227236563518,0.8893595946420828,4.0
2597698.7183648506,55.86826599610538,0.1281240101589271,0.8664744781282894,4.0
5782710.3058671085,84.11177908227364,0.10254190640075783,0.8579904448883322,4.0
1604015.0554505019,5.800962169355725,0.9580463253896531,0.8068392695426224,4.0
1302240.4783336085,2.4348043152486216,0.4397608716916313,0.8791305025112853,4.0
1919404.0512641512,5.528482969372791,0.7242357944981833,0.8805602230850119,4.0
449867.7499886745,0.7922411879276787,0.8499568681376144,0.8771310623121118,4.0
615604.7933784532,6.694014096347876,0.7093817137078526,0.8939656656946617,4.0
1912113.5904701538,3.770547508413005,0.6255610910329843,0.8941104958223831,4.0
9782152.987341434,137.50387645357216,0.918769344519835,0.7585633337221546,4.0
2351691.6572134187,17.792973851278276,0.45853085435723084,0.8836012791860715,4.0
3175583.555627295,12.346049643780924,0.7436549758230449,0.784854930227544,4.0
5644784.686063519,208.35566345773842,0.5276660894217693,0.8842476693544222,4.0
6659521.853742239,113.20530798188427,0.30868895282300124,0.8487064533469738,4.0
6676058.087755832,71.29645256370688,0.6194019489466406,0.8878759912167954,4.0
361600.3951276867,0.7298968656760607,0.08370575936042987,0.8885471338490628,4.0
910640.4554579862,5.204129458167423,0.10226397913971864,0.8686296334650734,4.0
5252976.602309177,12.245182506466168,0.7025554106015889,0.8432894190771791,4.0
1190509.1394784516,8.61850874576439,0.17764242487532803,0.8532593351447124,4.0
1127603.3923643644,15.946473776896076,0.05283230987520983,0.864814787572293,4.0
1097063.5576568225,4.973523930515488,0.5239938744497831,0.8574706946504748,4.0
577631.7163369855,8.659149402899008,0.19330394650056335,0.8731060338355318,4.0
1340317.306596248,1.8899411863655593,0.7651378601987097,0.8564477305702028,4.0
3974533.333325709,149.67624350395272,0.5935211136119181,0.8612851684194537,4.0
8443545.774638377,46.59821110377776,0.06099340103736674,0.8724678123993611,4.0
6027488.742220598,28.91693889684362,0.002006670264754574,0.8955197859309115,4.0
7977270.951142518,36.27753567795936,0.46192949262886707,0.791873959815467,4.0
484851.1651711488,0.9182211134404157,0.8819610731989915,0.8319649738138649,4.0
5264489.38396373,97.5459802255064,0.4613041494343685,0.8758402758892476,4.0
7467730.371053419,20.924256708290006,0.28646251209851703,0.8691008252983656,4.0
6963618.781486933,48.9722314755551,0.9153680722819586,0.7940069376594245,4.0
1393799.0766911774,3.005501325894026,0.5968292368418738,0.8710248315915543,4.0
6530132.237487964,25.169643829312598,0.4494200542978921,0.8261870259557266,4.0
8362526.878689236,47.6664423207245,0.6445125126093476,0.8970783651812589,4.0
1344107.4184989275,18.862280305591597,0.17466782662355268,0.8961118570726317,4.0
1902688.8961609057,2.1668042925324666,0.29944742182913925,0.8418604746176915,4.0
6622424.758478764,21.21704752610823,0.959262892222648,0.6908187166612134,4.0
416122.56949990545,0.7335744983002702,0.6410379158407411,0.8807512573588254,4.0
4891754.0831124205,260.94097541499474,0.7185858112098946,0.8452767471405934,4.0
305097.1949908335,1.991730588614943,0.627318145612173,0.8897081548239804,4.0
2173787.4790069675,4.864755693294462,0.19263832437880182,0.8243156925359818,4.0
2523234.871152271,3.3246656733488367,0.44016273799009786,0.8784780899924205,4.0
1092593.1605427787,2.2140525267279094,0.2930022616945926,0.8853394204292946,4.0
6303015.020954048,203.7714775513042,0.8558536114475155,0.848145589267278,4.0
2241108.6171660973,14.689173965828791,0.2833988389447748,0.8617194917835265,4.0
588393.5979123253,1.0192272803589142,0.9271728837648152,0.8177476179361557,4.0
5788430.664512264,8.123518430011556,0.23198433230080825,0.8796039413755334,4.0
5871466.026149436,81.87380333233183,0.7580977512841881,0.7838250765152188,4.0
2727310.983059747,4.858150959411803,0.5077900156097924,0.7901468094547034,4.0
1807168.1704823931,51.580853583547075,0.40016351883509305,0.8786147961927809,4.0
2709620.6141945617,23.250326731495896,0.7017449385930006,0.8742802677643805,4.0
949782.8424154018,2.186849245604072,0.8941444760976686,0.8560237079475891,4.0
119840.62808722118,0.3590075520682766,0.13583221302157286,0.8791306392852654,4.0
6221202.124294461,83.82613106709185,0.9387632633062575,0.8770054763675276,4.0
517871.45316103305,19.57162039207998,0.0191244880184639,0.8977224020102691,4.0
9300102.669373536,270.8562563543183,0.8744341158526092,0.8564663647281265,4.0
2225462.548150948,208.58804613728543,0.20803514198455011,0.8829598781396492,4.0
596098.5735568823,8.982986217951971,0.5743289354232289,0.8728433165293047,4.0
2501327.3917297507,48.63078372919295,0.7465575134548486,0.8362103353889183,4.0
1006800.3601018889,1.125341645310457,0.6248519349620192,0.8071169495566616,4.0
6384805.004743934,28.26444734161012,0.6996115166417459,0.8438144414168174,4.0
389305.0275416034,1.490166570173282,0.016292319093321204,0.869745426293522,4.0
2886680.085236828,18.871336142062727,0.9723587629546502,0.819742121977517,4.0
4284658.364676929,11.594776984633413,0.9985433623795691,0.8048723762578076,4.0
141340.38572401355,0.23629303736373122,0.09147206573869555,0.8697957954448984,4.0
8488496.902588638,31.46392252151779,0.9813218089979645,0.8213556953050618,4.0
3288484.1224433365,6.2805463002483,0.3785795313703717,0.8346516207487132,4.0
716427.1526554708,0.8400309324035338,0.7969551035273819,0.8493704509993084,4.0
583420.5729630924,0.9017407775402925,0.9349028758421749,0.8246034179679081,4.0
2515226.112948408,10.687689328002268,0.7504743090769386,0.8043399157759301,4.0
179943.6590790859,0.30222630380243587,0.9902392587765738,0.8420295709759854,4.0
393757.29118182044,1.7036609415327044,0.9463798220138335,0.8832813866084042,4.0
201291.78995349447,0.5065844553869501,0.11765616920758003,0.8825758143224264,4.0
9043881.693072861,38.51546389150401,0.8811224206769165,0.8692391583837156,4.0
913839.8339373136,2.6661789356282526,0.7731473464244538,0.8767671204393852,4.0
9107928.355484573,18.499759023137457,0.3199983967093138,0.8074640304474892,4.0
1724577.0822649712,4.524370116602587,0.7791253572632219,0.8985783822340018,4.0
393482.4645831999,1.0326935205876664,0.3045698110165042,0.8780591812353182,4.0
9429329.180035943,139.98733193333152,0.38676592636007495,0.8964196389551974,4.0
6466688.796725226,48.33364573598206,0.2992767771934801,0.8740403077384972,4.0
3435399.6740372926,84.48700404010373,0.7932444244376181,0.8992855521392839,4.0
418073.9075070186,2.343440068193998,0.23173174022696483,0.8882411759509902,4.0
8878983.25561687,594.8812236187157,0.4624672637580859,0.8888085165229336,4.0
105997.92050796055,0.3328222316153027,0.47148884757876847,0.8868036557577397,4.0
4307834.939766893,76.7457508094323,0.3973219792835672,0.8892673652713718,4.0
3438072.669459747,7.5975112970574905,0.1267869986450434,0.8901889321017595,4.0
295339.5784242588,0.5325271451755694,0.7726313087772129,0.8700067041249174,4.0
6807084.552446326,39.4449695412144,0.9841720212242394,0.7781249866912845,4.0
1869888.7110623016,22.041439323433675,0.584227263405972,0.8845331847885238,4.0
1798880.1736299149,2.734712698560213,0.12295148620368822,0.8493834222976417,4.0
7561892.95439645,38.9522032482279,0.9892035772803155,0.8647442653161692,4.0
314630.0944710491,0.3961231255815688,0.020549601680633512,0.8918760728845955,4.0
2603880.582122692,38.96866883160023,0.7243064006100722,0.852738761818182,4.0
5421949.442480878,77.27804037383348,0.6533806229148034,0.8487928166410875,4.0
445263.194137674,3.306508909510192,0.7804848285352676,0.8608985505197972,4.0
965634.9662667518,3.061468423576776,0.9206852649968036,0.8883181704979836,4.0
201609.74857887658,0.2110262559465279,0.9086032226001944,0.8083892978875347,4.0
1032675.1005233969,10.631718755698943,0.5517534175225287,0.8739494823452748,4.0
4588209.007761063,5.878417087462291,0.5819387237149288,0.7886706192594315,4.0
932789.3035988656,49.03764426491413,0.5166234412262669,0.8975902798949024,4.0
1457030.4987698132,3.121943461736363,0.8756550109168831,0.8980666753345719,4.0
7160207.34078067,143.95815808162644,0.43674495541569186,0.8455558564718559,4.0
958959.3699525807,3.5681175748912417,0.25415325888496904,0.8706332079807129,4.0
7502690.282895352,14.878703311120077,0.4848055269800369,0.8958379873882346,4.0
9424681.291423686,363.0455160849551,0.5507151208709392,0.81449414692075,4.0
6709247.544462003,35.3771472822487,0.7291918321026464,0.8280780270399345,4.0
9651693.511267535,370.95999792604204,0.7348410204307473,0.8499220737564377,4.0
1885537.8382831907,22.57597343884826,0.676646053821614,0.8718957054051638,4.0
7805822.70807651,34.89622939110076,0.982017817110414,0.8440864724778366,4.0
814234.9676886495,1.5382828978819316,0.7316026328123172,0.8628621373122976,4.0
313507.47791679786,0.6474121026522651,0.679477118726549,0.8950017151939296,4.0
6853094.355392942,235.01189730415263,0.38005019319030364,0.8908747810526042,4.0
1430915.1646226242,54.593015633680295,0.46490988343507916,0.881818619262106,4.0
2429311.003161368,3.4668143657202872,0.8973327643902391,0.8863346767430704,4.0
4578197.831082785,15.652480759149883,0.285983966936519,0.8961483691790023,4.0
5166432.063450156,5.813313392577512,0.16185216225842075,0.8213858684814815,4.0
2986352.6849572053,96.42969892929094,0.41964119488098217,0.8544243740140306,4.0
2783084.3044502335,27.755428955529247,0.6417021370867281,0.8348613068580669,4.0
217226.14371267843,0.36271502093533603,0.7736888105776795,0.855857341998261,4.0
2729581.7352765705,18.672666713493868,0.15637751933276298,0.8776620139893943,4.0
1448007.2246647342,6.309224482268983,0.1352326706649439,0.8985055065292972,4.0
4374338.377337659,54.394156515877555,0.7719191406650068,0.8738673538814926,4.0
721737.6271600814,0.8281924867565383,0.050838518394382685,0.847792851075909,4.0
1164060.5595551,6.814321727875647,0.7609999074622839,0.8928678566779981,4.0
1809160.0092518316,2.778169261768989,0.8076313393487868,0.8031018066399503,4.0
1681368.168615547,2.175582282179021,0.7074449224836077,0.7969123213836459,4.0
481760.75249851536,4.680433805773286,0.6432084617505168,0.8642047977817424,4.0
7421104.607404536,136.996060554195,0.6617340445149718,0.8680423506755724,4.0
648564.6292430128,5.340934014075483,0.1509879156312888,0.8999624352347511,4.0
6728328.902933783,397.0568897997342,0.038855368374054025,0.8685220477929393,4.0
8788254.27982245,277.7713710365502,0.8679237685396695,0.8039899944135719,4.0
865938.4028865414,1.979093676421734,0.9509467201462912,0.7689626209975685,4.0
8297161.431428267,98.55399701101695,0.20862663980096766,0.8765599008856434,4.0
1055999.251804525,2.05745222124102,0.7256802735932893,0.854418207547234,4.0
4503914.320085025,46.67546105737149,0.7693194464204015,0.8541026104403433,4.0
8835506.095716937,73.00217859378012,0.2473939353831783,0.876698669125687,4.0
7686222.858568982,87.7245634072957,0.8750238407412242,0.8258341252029063,4.0
2184867.581400732,48.73317745023597,0.16316453065904926,0.85778803927982,4.0
4344193.943509187,8.317784808539686,0.8741945490982533,0.8629319336067341,4.0
1827111.5471578445,3.338459182162366,0.66817527238469,0.8217714911716935,4.0
7554376.919376762,720.7262795150283,0.5707008996603262,0.8635421182386424,4.0
266651.4629243093,2.0035958265135494,0.9249537182543413,0.8901476634420534,4.0
569557.878304534,3.257994143285158,0.8335252790262753,0.8932649792259684,4.0
5383581.753826635,48.61676178850094,0.03310605046249088,0.840804007373902,4.0
2091823.1523996482,2.4489542115860767,0.34301005831600706,0.8979187244334423,4.0
7590485.4833764685,26.7935748652854,0.5545271866192428,0.8697851059935199,4.0
4576762.371904589,8.992314396302675,0.10242107405132414,0.8664812151905296,4.0
162707.15506244474,0.2440774120699229,0.3275662993643494,0.8884452201816815,4.0
5515511.0332664875,37.624901793519584,0.6575551213008174,0.86435653489517,4.0
2831357.8252365487,15.009170107194478,0.9624600370746377,0.7772566094129285,4.0
8633842.114607768,8.773972418310434,0.08041321305151733,0.856471140813699,4.0
9563530.393717026,65.593489203456,0.9746473865379154,0.7462196986535384,4.0
537736.7981018767,0.5603597880303951,0.9339948117331707,0.8561962800736079,4.0
4098715.0922384546,19.760340010026354,0.8516120956865689,0.7516238230071617,4.0
1195885.006573308,2.151571390837271,0.6576258840386493,0.7845765785816557,4.0
1384747.8307647328,2.7891782594126573,0.7977850645084258,0.7864160092498175,4.0
4419351.960690602,34.7025465686748,0.0942056932805394,0.8616142445133959,4.0
1601389.8963748948,8.0793072371052,0.8179824883377305,0.8437445518741353,4.0
8504201.90220493,320.2819116510817,0.06614170227921114,0.8744448251745598,4.0
270169.8375727876,3.4231406796616577,0.8622860258373087,0.8991161313482355,4.0
169054.2065463017,0.42657695778299026,0.2787078495496183,0.8825665472736488,4.0
1672336.0078272617,52.93002749228447,0.9249523624416016,0.8811488243116617,4.0
7395803.427592569,315.1066385707108,0.7475029811890369,0.8517615397217725,4.0
264387.1269354069,0.7629774689261687,0.9561383209432478,0.8404599297049148,4.0
1974502.8516479959,7.732646201691641,0.6110540310217857,0.8324047940724603,4.0
7431364.086834206,55.62116204554516,0.7380912829875713,0.8860765475968915,4.0
7885399.004721809,125.13059267098632,0.6713307974760077,0.8568524639108601,4.0
7812390.1429935815,107.38010558849214,0.2225229526967969,0.8675713380571125,4.0
100286.0654641051,0.14425844420976808,0.1417603719612518,0.8802975246825108,4.0
831882.5389508166,1.7952642891387134,0.5935242549035312,0.8881155196020035,4.0
1318148.8665034748,50.4882098796699,0.6412881758016032,0.8899979258069953,4.0
5466300.360067795,12.502949155251205,0.5733036862624304,0.7911967742719235,4.0
7788006.155213332,152.71328110334156,0.8974453265149923,0.8931972334438846,4.0
2523640.9941212963,9.437943845849116,0.13093479416607046,0.8898144180126825,4.0
9282654.05625028,105.1731879647013,0.48901580840421255,0.7966640255907416,4.0
2673454.036606977,3.20992032975899,0.6170134950755652,0.8209999497175747,4.0
1506061.272672364,117.9015857330841,0.622364717309007,0.8981945083260161,4.0
937836.6745457863,17.974627716472103,0.7281726994274857,0.8967400534271106,4.0
748688.0361144969,1.0930974815042949,0.9978233133815626,0.8568366986368807,4.0
8227590.444210632,133.33988610912456,0.8383031987881236,0.876161995989235,4.0
2956930.6979304333,6.6938170590984445,0.9707687537579153,0.8856709579231175,4.0
6841231.976611664,76.49665147829096,0.7124117597602113,0.8307416404465857,4.0
5913832.195662013,9.807578273083726,0.09041706992858775,0.850418045388049,4.0
1614865.0147784431,82.48912688186022,0.04073433854299389,0.8846920049855436,4.0
4432518.518308089,18.49167927570232,0.17611086032070014,0.8288909813326015,4.0
9246595.609735586,184.9968494065908,0.9709958889265784,0.8756577182696409,4.0
145978.18440463502,0.9310042240625008,0.2898177932288133,0.8995989301679773,4.0
2748806.177957545,57.7836661133364,0.9541429427114102,0.8961847742087579,4.0
132824.4165121435,0.24342447125865907,0.9230290187765042,0.8781829439051639,4.0
814879.761678732,6.481343915044863,0.7064378006050451,0.8499793152692329,4.0
1468210.2127790924,3.692509596272875,0.514718710744837,0.8414333749694753,4.0
3375961.27433385,93.86841847648621,0.22016127197939295,0.8626158833043391,4.0
2453620.491159363,2.6127795725066782,0.06056601616830307,0.8797259954898831,4.0
6463670.088997291,25.663943763395327,0.5662297808864147,0.867552952862712,4.0
1237562.5236601315,4.024085831175201,0.24249258932675127,0.8556635636025143,4.0
3771920.0867176033,13.857985227116837,0.980739183187805,0.8284571805102883,4.0
1311990.6052667012,3.874026420230324,0.9152406867331783,0.860018130061366,4.0
2030698.394428437,4.80263441508986,0.5753098635844263,0.8751770990258714,4.0
980396.1500420452,3.109023951384066,0.8745248427645159,0.8079322118155225,4.0
2314647.48446566,4.764659710912275,0.7793928220760775,0.8376408359794293,4.0
3251261.155270275,4.845219712032204,0.7191801800049635,0.8033752790464004,4.0
3984312.4157555224,4.194954106849411,0.7138131046592214,0.878853983589944,4.0
4078290.6054866337,8.843916828441104,0.46919282718442307,0.851644023323362,4.0
3574671.673527624,17.650093934857424,0.3384425466794595,0.8645577333006259,4.0
8054456.851615155,75.15462287432307,0.7368270464357178,0.8954321163584654,4.0
9247710.976712313,11.472639929609546,0.9125228674201177,0.7590029473372594,4.0
5051644.953081121,28.516716642828168,0.9416838055875276,0.8866439293357562,4.0
9944381.026715588,17.089044582122057,0.32527128217807383,0.8134598847647027,4.0
4094074.7329582544,55.087172404190916,0.5785531227232076,0.862442722634739,4.0
447292.70560019236,0.5115672023295391,0.08683127167803888,0.8696511534566529,4.0
960011.5537349653,3.6874886815372045,0.9114624210592656,0.8501786774493278,4.0
1118664.8519840664,24.986742316772798,0.653021046460868,0.894989951394096,4.0
4492282.348956222,10.69923362048015,0.10454248240334249,0.8980782981329589,4.0
5455274.517772772,128.13565949738242,0.8239400184527849,0.887835003538973,4.0
758455.2291502531,2.404771228313798,0.680520775963191,0.8331850280964083,4.0
585590.8535920789,1.5955664152625015,0.5556181063181395,0.8897013256743698,4.0
5115762.426188708,27.54538443026462,0.039597090264604666,0.8682060510364908,4.0
140096.59862747486,0.15378695518646066,0.752628893446929,0.8881635129193727,4.0
1081649.948754432,1.5084001213391751,0.49327849536944174,0.8233401270289215,4.0
4093816.3266594303,30.739177686213964,0.6041678773766503,0.8320584951424922,4.0
5014983.603729409,6.807000117639641,0.6019157199099409,0.8614096044599663,4.0
9617351.874172783,113.25048361304084,0.8297772706585308,0.7661176161452623,4.0
5263342.173904621,17.058937132071335,0.6108338119458485,0.8399481920374695,4.0
648440.3501220209,2.8725317012723335,0.24067451156009836,0.8541417994388191,4.0
407310.1212957213,3.026532447248262,0.8075574308768153,0.8731522458599946,4.0
5993476.820254033,84.51322453624293,0.7162324917842355,0.8338155397271347,4.0
4659717.857240474,8.26495337370667,0.05139565374493962,0.8323675022517161,4.0
4772595.575811763,32.9590972867378,0.7993497497119382,0.8485109170083744,4.0
4768038.687113359,28.45278945002636,0.4062736137541848,0.8444515288612312,4.0
9689727.69271314,118.12220525149128,0.8972408031256928,0.8795638783597445,4.0
6399495.250860803,205.4802657010464,0.8837077341018666,0.8862530584895121,4.0
8722305.841012163,15.90198706870782,0.3533039214502669,0.8436737710657178,4.0
5504847.815444944,17.40833197959451,0.7558563988753287,0.7748055017545782,4.0
9961081.82156803,145.91913487669504,0.07138462870124757,0.8542111249201336,4.0
9384999.398620186,46.08661903807964,0.28147982821467404,0.8437148927067423,4.0
6498444.12958842,8.89527829769326,0.9130674114495818,0.8831147515307546,4.0
